1.274802597474203214e+00
3.070834593508568466e-01
1.483835990107966962e+00
-1.106745366949545728e+00
3.305809821318346220e-01
3.280304678540543195e-01
1.320887099844577639e+00
9.889163803494630534e-01
-1.702935493109586584e+00
-3.384805595567437209e-01
3.241290896491051843e+00
-4.185102215691944294e-01
7.153919652029393506e-01
1.993127665435375562e+00
3.667250347786580877e-01
-1.332295455208512447e+00
1.608871200354672348e+00
-4.308278545597483133e-01
1.075685081093327389e+00
-1.398459293759882760e+00
3.114012606647335035e-01
5.037052944273102684e-01
-1.588867487658846445e+00
4.214918281308969172e-01
1.843558371032629539e+00
-1.601036372001521491e+00
9.858089681390738157e-01
9.407280668603702767e-02
-6.950830674721104607e-01
3.886124531588043829e-01
-1.031234731995294140e+00
1.183034601215124937e+00
3.630437849955474028e-01
-1.084640309714103523e+00
-2.176790247791449584e+00
4.616169896928616900e-01
-1.034608141261761372e+00
5.667154267252089150e-01
1.871688560874529061e+00
-4.855749241448669151e-01
-1.702561497295915105e+00
-1.105192560147670588e-01
9.063961031211363872e-01
-5.426482466224556989e-01
-1.026846787937640171e+00
1.482665424005208177e+00
-7.157826683047989746e-01
1.001709305084609980e+00
-5.561209722550202184e-01
-3.477248120990052427e-01
3.238771857812097754e-01
-5.026694935489685045e-01
1.245368476587932927e+00
1.486067978318654115e+00
-3.018087562744716790e-01
-1.601763665672941483e+00
8.650423384343618183e-02
5.033235767251496018e-01
-3.247788224296326298e-01
9.927879104121810627e-01
1.347411338908704126e+00
-6.689951662945072819e-01
-1.047099721067251243e+00
-3.843328138636490365e-01
3.283128415495341068e-01
5.857697478871707331e-01
-1.134550580100347622e-01
1.242547709198819517e+00
-7.604140021791151449e-01
1.940231834136296518e+00
-9.436867546600495871e-01
-1.998616347713554064e-02
-9.025576728453307274e-01
-1.320163501719940902e+00
-6.353019308498428774e-01
5.895721101253958985e-01
1.788993343213891363e+00
1.874042868667767925e-01
1.233079482932557980e+00
8.612763640134764309e-02
2.004967729108272645e-01
-1.836592447918785176e+00
-3.470856660277377159e-01
-2.525121977872551993e-01
7.233098521840877204e-01
1.144959730496379224e+00
2.247053861182611023e-01
8.283503570832793095e-01
4.042225869719612286e-01
1.876848212656494930e+00
-2.577297423469218640e-01
-1.062815155713340065e+00
-1.102047179552900991e+00
-8.208939867325283357e-01
-9.090335323320879457e-01
-2.379230686117818350e-01
1.319127775636362854e-01
-1.182046320122533745e+00
-1.705709778147691258e-01
1.450462564761235251e+00
