1.180047889289255192e+00
6.803163687847788577e-01
-2.879281149573303250e-02
-1.170378269047912090e+00
-2.987726793472819664e-02
-2.374649229138964257e-01
-2.802179392182967826e-02
-1.146481344799648028e-01
1.038091912188933846e-01
8.425010825023766525e-01
-8.320657589022756317e-02
-7.980804681954629665e-01
1.234011319004485602e-01
1.343858003824663250e+00
-9.028075872305983962e-01
-2.915146178039684788e-01
1.041527008076419680e-01
2.019191723202813926e-01
1.203224290764028925e+00
3.439323094935872738e-01
5.012768140320220667e-01
-1.888047791883165349e-01
7.016360882325265447e-01
-6.790995126956034245e-01
4.504776395029169711e-01
-1.709866668600634187e-01
9.850074571169820103e-01
2.211958381821065578e-01
9.069934943817964390e-01
-3.999990723351003474e-01
-7.785278899184818746e-01
4.890952440589952377e-01
1.414472556723698426e+00
1.115703239553898829e+00
-1.418225918607360470e+00
9.744447052473535764e-03
-1.170629342382746962e+00
8.261640980728886252e-02
2.354634267869433195e-01
-1.010873727838443425e+00
1.538415579715934678e+00
8.986380683651838952e-01
-2.782464297800251174e-01
-9.279173570263473669e-01
1.149342672368058427e+00
2.162661169616171719e+00
7.715557187914217074e-01
8.153738320530914407e-01
-5.191326158955628101e-01
1.506089615393860548e+00
3.367207937544139940e-01
-1.762202941343079976e+00
7.806396073033283756e-01
-3.970645432677165632e-01
4.683541328217673549e-01
3.421522644834180116e-01
6.139252043224968647e-01
4.431998945468319795e-02
-7.113107089513226455e-01
2.845690084816376308e-01
5.336977140638548417e-02
6.607762484756952714e-01
-2.588723137622941373e-01
9.322812883772447767e-01
1.379846440157905585e+00
2.951324367672267246e-01
6.403687426908524216e-01
-1.220403085759305339e+00
6.209843752240417070e-01
1.234230328235347285e-01
7.964575955991456402e-01
-6.584383788810391214e-03
-2.933494622557458742e-01
-4.332457780745858078e-01
-2.110079823600363724e-01
1.711813915212830217e+00
6.334996196860580298e-02
6.571119560126719161e-01
7.762565109426355914e-01
3.236677731845448713e-01
9.000739927381243288e-02
-7.538232873105005227e-01
2.294068963753226609e-01
5.216749923324525140e-01
-4.623083818085741981e-01
7.358580925251713145e-01
1.789700950337089203e-01
-8.764178462791963886e-01
-1.437765678342584064e+00
-5.243126607154044994e-01
6.603687456146442036e-01
-8.065651253518346664e-01
-1.544957678014053926e+00
-3.211646584903119495e-01
-9.350953545728154515e-01
-9.887950168782421168e-01
-8.174182210577011221e-01
-1.358431160112429481e+00
3.197060472114474777e-02
-2.028918313078631908e+00
